PL CQ9-A 
         22.0  60.0 165.0  38.0   8.0
AF     154.5 -41.2 130.2 -25.7 2.45E-08 001.4 300.0 -54.1 0.000386 0.000428 0.000229 liverpoo 2018-07-23 15:30:10 
AF  40 140.4 -39.1 122.7 -17.4 2.93E-08 001.4 299.1 -65.0 0.000466 0.000565 0.000352 liverpoo 2018-07-23 15:31:45 
AF  80 130.5 -35.4 118.0 -09.9 3.29E-08 001.2 293.9 -73.5 0.000342 0.000459 0.000194 liverpoo 2018-07-23 15:33:20 
AF 120 127.4 -32.6 117.2 -06.3 3.47E-08 001.2 285.3 -76.5 0.000357 0.000493 0.000147 liverpoo 2018-07-23 15:34:55 
AF 160 125.3 -28.2 117.7 -01.5 3.52E-08 001.4 264.5 -78.2 0.000443 0.000527 0.000097 liverpoo 2018-07-23 15:36:31 
AF 200 124.1 -28.0 116.8 -00.8 3.52E-08 001.2 262.3 -79.2 0.000395 0.000495 0.000233 liverpoo 2018-07-23 15:38:06 
AF 240 122.1 -29.2 114.8 -01.0 3.25E-08 001.4 267.1 -81.2 0.000411 0.000517 0.000304 liverpoo 2018-07-23 15:39:41 
AF 280 117.9 -30.9 110.7 -01.0 3.01E-08 001.5 281.5 -84.8 0.000498 0.000455 0.000565 liverpoo 2018-07-23 15:41:17 
AF 320 125.5 -34.3 115.0 -06.9 2.56E-08 001.4 294.0 -77.7 0.000329 0.000382 0.000109 liverpoo 2018-07-23 15:42:52 
AF 360 127.4 -33.1 116.9 -06.7 2.57E-08 001.8 287.4 -76.5 0.000502 0.000523 0.000509 liverpoo 2018-07-23 15:44:27 
AF 400 130.8 -25.9 123.1 -01.9 2.12E-08 001.8 260.6 -72.9 0.000406 0.000449 0.000437 liverpoo 2018-07-23 15:46:03 
AF 440 125.7 -37.6 113.5 -09.9 2.19E-08 001.9 307.4 -76.3 0.000396 0.000446 0.000231 liverpoo 2018-07-23 15:47:38 
AF 480 115.9 -38.8 106.0 -07.5 1.78E-08 002.6 340.8 -80.6 0.000502 0.000477 0.000418 liverpoo 2018-07-23 15:49:13 
AF 500 119.7 -64.4 095.9 -31.4 1.67E-08 002.3 354.2 -55.2 0.000469 0.000415 0.000358 liverpoo 2018-07-23 15:50:49 
AF 600 158.2 -58.4 117.2 -39.3 1.27E-08 002.5 325.8 -47.7 0.000297 0.000258 0.000217 liverpoo 2018-07-23 15:52:24 
AF 700 200.4 -41.9 158.3 -52.3 8.73E-09 003.7 307.4 -20.6 0.000418 0.000388 0.000347 liverpoo 2018-07-23 15:54:00 
AF 800 263.1 -66.7 062.7 -74.7 1.22E-08 003.7 348.9 -09.2 0.000592 0.000568 0.000357 liverpoo 2018-07-23 15:55:35 
AF 900 290.6 -59.4 019.6 -68.9 3.19E-08 001.0 359.3  00.6 0.000728 0.000317 0.000317 liverpoo 2018-07-23 15:57:11 
AF1000 245.8 -48.9 189.5 -83.3 9.66E-09 002.6 331.6  01.0 0.000409 0.000285 0.000167 liverpoo 2018-07-23 15:58:47 
