Sample ID	Declination: Unrotated	Inclination: Unrotated	Intensity	X intensity	Y intensity	Z intensity	X corr	Y corr	Z corr	X drift	Y drift	Z drift	X bkg #1	X bkg #2	Y bkg #1	Y bkg #2	Z bkg #1	Z bkg #2	Sample Timestamp	Tray Timestamp	Treatment Type	Temp C	Depth
ZK-30	167.35	-30.98	1.1694E-4	-9.7816E-5	2.1960E-5	-6.0197E-5	-9.7816E-5	2.1960E-5	-6.0197E-5	-1.7127E-7	1.1213E-9	-3.9513E-9	-4.6478E-7	-1.0399E-6	1.1522E-7	1.1899E-7	-4.7934E-8	-6.1202E-8	20/04/14 1511	20/04/14 1212	Thermal Demag	25.00	3.00
ZK-30	167.12	-31.69	1.1570E-4	-9.5976E-5	2.1940E-5	-6.0781E-5	-9.5976E-5	2.1940E-5	-6.0781E-5	-8.4010E-8	9.3509E-10	-1.1862E-9	-1.2262E-8	-5.7608E-7	1.2300E-7	1.2928E-7	-9.0062E-8	-9.8023E-8	20/04/23 1559	20/04/23 1441	Thermal Demag	50.00	1.00
ZK-30	160.61	-29.31	1.1538E-4	-9.4897E-5	3.3403E-5	-5.6485E-5	-9.4897E-5	3.3403E-5	-5.6485E-5	-8.3723E-8	1.2647E-9	-9.3395E-10	-1.6035E-8	-5.8104E-7	1.3229E-7	1.4083E-7	-9.8023E-8	-1.0433E-7	20/04/23 1850	20/04/23 1441	Thermal Demag	100.00	1.00
ZK-30	155.49	-25.82	1.1530E-4	-9.4438E-5	4.3051E-5	-5.0228E-5	-9.4438E-5	4.3051E-5	-5.0228E-5	-8.2758E-8	9.7348E-10	-7.9163E-10	-1.8488E-7	-7.3974E-7	8.4095E-8	9.0622E-8	-5.8051E-9	-1.1113E-8	20/04/24 1417	20/04/24 1251	Thermal Demag	120.00	1.00
ZK-30	151.38	-21.02	1.1311E-4	-9.2682E-5	5.0578E-5	-4.0567E-5	-9.2682E-5	5.0578E-5	-4.0567E-5	-8.3858E-8	-8.9682E-10	-5.1848E-10	-1.6177E-7	-7.2512E-7	3.0124E-8	2.4099E-8	-2.6538E-8	-3.0021E-8	20/04/24 1628	20/04/24 1251	Thermal Demag	150.00	1.00
ZK-30	154.31	-25.24	1.1110E-4	-9.0562E-5	4.3569E-5	-4.7378E-5	-9.0562E-5	4.3569E-5	-4.7378E-5	-8.9626E-8	7.4569E-10	-4.6806E-10	2.8769E-8	-5.7467E-7	1.1522E-7	1.2024E-7	-7.5300E-8	-7.8452E-8	20/04/25 1446	20/04/25 1240	Thermal Demag	200.00	1.00
ZK-30	152.44	-22.76	1.0570E-4	-8.6412E-5	4.5090E-5	-4.0886E-5	-8.6412E-5	4.5090E-5	-4.0886E-5	-8.3521E-8	3.3693E-10	-1.1378E-9	-1.3205E-8	-5.7325E-7	1.0819E-7	1.1045E-7	-5.1251E-8	-5.8880E-8	20/04/25 1756	20/04/25 1240	Thermal Demag	250.00	1.00
ZK-30	150.49	-19.79	8.9914E-5	-7.3625E-5	4.1678E-5	-3.0444E-5	-7.3625E-5	4.1678E-5	-3.0444E-5	-8.1726E-8	2.7655E-9	-7.6545E-10	-1.0942E-7	-6.5838E-7	4.7445E-8	6.6021E-8	2.2723E-8	1.7581E-8	20/04/26 1420	20/04/26 1305	Thermal Demag	300.00	1.00
ZK-30	148.43	-19.44	7.9712E-5	-6.4043E-5	3.9357E-5	-2.6524E-5	-6.4043E-5	3.9357E-5	-2.6524E-5	3.8593E-10	0.0000E+0	-8.6369E-10	-9.7625E-8	-9.5031E-8	3.1379E-8	3.1379E-8	2.3220E-8	1.7415E-8	20/04/26 1716	20/04/26 1305	Thermal Demag	350.00	1.00
ZK-30	154.09	-24.31	6.0308E-5	-4.9436E-5	2.4020E-5	-2.4823E-5	-4.9436E-5	2.4020E-5	-2.4823E-5	5.6136E-10	0.0000E+0	3.4548E-10	6.6027E-9	1.0376E-8	2.4350E-8	2.4350E-8	-2.9855E-9	-6.6344E-10	20/04/27 1438	20/04/27 1249	Thermal Demag	400.00	1.00
ZK-30	152.15	-22.07	5.3782E-5	-4.4066E-5	2.3286E-5	-2.0212E-5	-4.4066E-5	2.3286E-5	-2.0212E-5	-1.0849E-7	-1.5498E-7	8.0724E-8	-3.2259E-7	-1.0564E-6	2.0835E-7	-8.3995E-7	5.1417E-8	5.9743E-7	20/04/27 1808	20/04/27 1249	Thermal Demag	450.00	1.00
ZK-30	155.30	-14.61	5.1920E-5	-4.5643E-5	2.0994E-5	-1.3100E-5	-4.5643E-5	2.0994E-5	-1.3100E-5	-3.4400E-9	1.1958E-9	8.3943E-10	5.0699E-8	2.7590E-8	3.4140E-8	4.2173E-8	-1.7167E-7	-1.6603E-7	20/04/28 1330	20/04/27 2341	Thermal Demag	475.00	1.00
ZK-30	149.65	-15.62	4.1122E-5	-3.4175E-5	2.0013E-5	-1.1070E-5	-3.4175E-5	2.0013E-5	-1.1070E-5	1.1570E-9	-8.5847E-10	-3.0679E-8	1.7450E-8	2.5232E-8	5.4222E-8	4.8449E-8	-1.6868E-7	-3.7501E-7	20/04/28 1620	20/04/27 2341	Thermal Demag	500.00	1.00
ZK-30	152.55	-17.51	3.3848E-5	-2.8646E-5	1.4880E-5	-1.0182E-5	-2.8646E-5	1.4880E-5	-1.0182E-5	1.0542E-10	-1.4963E-10	-1.0133E-9	-1.5422E-7	-1.5351E-7	1.4886E-7	1.4786E-7	-1.1478E-7	-1.2158E-7	20/04/29 1245	20/04/28 2248	Thermal Demag	550.00	1.00
ZK-30	156.18	-11.96	1.9530E-5	-1.7479E-5	7.7155E-6	-4.0466E-6	-1.7479E-5	7.7155E-6	-4.0466E-6	-3.2601E-9	3.7318E-10	-2.0958E-9	-4.3224E-7	-4.5417E-7	1.7547E-7	1.7798E-7	-1.2274E-7	-1.3683E-7	20/04/29 1505	20/04/28 2248	Thermal Demag	575.00	1.00
ZK-30	156.47	-7.31	2.4071E-5	-2.1890E-5	9.5334E-6	-3.0614E-6	-2.1890E-5	9.5334E-6	-3.0614E-6	6.0242E-9	5.1827E-9	2.0693E-9	-1.3724E-7	-9.6682E-8	4.0918E-8	7.5811E-8	-2.0235E-8	-6.3027E-9	20/04/30 1611	20/04/29 2331	Thermal Demag	600.00	1.00
ZK-30	152.76	-11.57	1.5804E-5	-1.3766E-5	7.0869E-6	-3.1707E-6	-1.3766E-5	7.0869E-6	-3.1707E-6	-8.0855E-9	1.6092E-9	3.6100E-9	-8.7250E-8	-1.4149E-7	-2.9119E-8	-1.8325E-8	2.0086E-7	2.2507E-7	20/05/07 1607	20/05/07 1224	Thermal Demag	625.00	1.00
ZK-30	151.39	-8.74	2.8430E-5	-2.4669E-5	1.3454E-5	-4.3216E-6	-2.4669E-5	1.3454E-5	-4.3216E-6	-4.5699E-10	2.6195E-10	-1.5824E-9	-4.0324E-8	-4.3389E-8	1.2351E-7	1.2526E-7	-1.9903E-8	-3.0518E-8	20/05/09 1549	20/05/08 2344	Thermal Demag	650.00	1.00
ZK-30	133.53	-11.91	6.6231E-6	-4.4635E-6	4.6982E-6	-1.3671E-6	-4.4635E-6	4.6982E-6	-1.3671E-6	-3.8595E-10	-4.1086E-10	1.6781E-9	-1.1531E-7	-1.1791E-7	8.1334E-8	7.8572E-8	-1.6370E-7	-1.5243E-7	20/05/16 1420	20/05/16 1255	Thermal Demag	675.00	1.00
ZK-30	142.66	-0.03	5.9075E-6	-4.6969E-6	3.5829E-6	-2.9518E-9	-4.6969E-6	3.5829E-6	-2.9518E-9	1.4416E-9	1.0481E-9	-2.9678E-10	-1.3370E-7	-1.2404E-7	9.0873E-8	9.7902E-8	-1.6586E-7	-1.6785E-7	20/05/16 1708	20/05/16 1255	Thermal Demag	690.00	1.00
